{
    "N1": [12],
    "N2": [6],
    "N3": [1],
    "PTOT": [180],
    "PR": [180],
    "PTEST": [107],
    "ITER": [100000],
    "ETA": [0.01],
    "MOMENTUM": [0.3],
    "WD":[0.00000001, 0.000001, 0.0001, 0.01, 1],
    "NERROR": [200]
}
